400327005015000320230108096000806000043010680000204000170602043084000260500943008
004000300200709008060504070005070200400305009007090500040902050800607002009000100
024070180810040027907802305000658000700000002000729000305207409170090058096080270
150306089400000002000428000905030806003109700206050301000213000700000003390607058
040300009007605000002400501103000002800004000200006980031700000090020005020000194
900000004004605900600941002060259070029178430001030200140307068000010000070802040
723000159600302008800010002070654020004207300050931040500070003400103006932000714
203500900590200006004600005009003750007068010001005000010000030840010009030090401
030204508004607002005030400021000040050932000060000300500470000600310750700000016
070409010000305000600812003067080940000546000143000568005000400830724059409000207
